 1000001 1 1 1 1 61 10000001 林栩 18759151087 酒 茅台 4000.000000 200 2 A 100 400000.000000 0012
 1000002 7 7 8 8 269768 10000001 林栩 18759151087 饮料 可口可乐 72.000000 300 24 A 16 1152.000000 0032
 1000003 5 5 5 5 178865 10000001 林栩 18759151087 饮料 脉动 60.000000 500 12 A 20 1200.000000 0022
 1000004 12 12 12 12 497532 10000001 林栩 18759151087 酒 茅台 4000.000000 200 2 A 1 4000.000000 0012
 1000005 10 10 10 10 406690 10000001 林栩 18759151087 饮料 可口可乐 15.000000 300 6 A 20 300.000000 0031
 1000006 8 8 8 8 315848 10000001 林栩 18759151087 饮料 可口可乐 15.000000 300 6 A 12 180.000000 0031
 1000007 6 6 6 6 225006 10000001 林栩 18759151087 饮料 可口可乐 72.000000 300 24 A 11 792.000000 0032
 1000008 11 11 11 11 452831 10000002 张三 18759151088 酒 茅台 2000.000000 200 1 B 1 2000.000000 0011
 1000009 12 16 18 19 503659 10000002 梅兰芳 18759151088 饮料 脉动 15.000000 200 6 B 10 150.000000 0021
 1000010 7 31 12 12 304572 10000001 林栩 18759151087 酒 茅台 2000.000000 200 1 A 2 4000.000000 0011
 1000014 1 1 2 2 122 10000001 林栩 18759151087 饮料 脉动 15.000000 200 6 A 1 15.000000 0021
 1000015 1 1 9 9 549 10000001 林栩 18759151087 饮料 脉动 15.000000 200 6 A 1 15.000000 0021
 1000016 9 8 18 18 361098 10000002 张三 18759151088 酒 茅台 2000.000000 200 1 B 1 2000.000000 0011
 1000017 10 10 1 10 406150 10000004 刘建民 18759151099 饮料 可口可乐 15.000000 300 6 C 10 150.000000 0031